(title "Static Pressure")
(labels "Position" "Static Pressure")

((xy/key/label "line-6")
0	133.114
4.28571e-05	133.114
8.57143e-05	133.114
0.000128571	133.114
0.000171429	133.114
0.000214286	133.114
0.000257143	133.114
0.0003	133.114
0.000342857	133.114
0.000385714	133.114
0.000428571	133.114
0.000471429	133.114
0.000514286	133.114
0.000557143	133.114
0.0006	133.114
0.000642857	133.114
0.000685714	133.114
0.000728571	133.114
0.000771429	133.114
0.000814286	133.114
0.000857143	133.114
0.0009	133.114
0.000942857	133.114
0.000985714	133.114
0.00102857	133.114
0.00107143	133.114
0.00111429	133.114
0.00115714	133.114
0.0012	133.114
0.00124286	133.114
0.00128571	133.114
0.00132857	133.114
0.00137143	133.114
0.00141429	133.114
0.00145714	133.114
0.0015	133.114
0.00154286	133.114
0.00158571	133.114
0.00162857	133.114
0.00167143	133.114
0.00171429	133.114
0.00175714	133.114
0.0018	133.114
0.00184286	133.114
0.00188571	133.114
0.00192857	133.114
0.00197143	133.114
0.00201429	133.114
0.00205714	133.114
0.0021	133.114
0.00214286	133.114
0.00218571	133.114
0.00222857	133.114
0.00227143	133.114
0.00231429	133.114
0.00235714	133.114
0.0024	133.114
0.00244286	133.114
0.00248571	133.114
0.00252857	133.114
0.00257143	133.114
0.00261429	133.114
0.00265714	133.114
0.0027	133.114
0.00274286	133.114
0.00278571	133.114
0.00282857	133.114
0.00287143	133.114
0.00291429	133.114
0.00295714	133.114
0.003	133.114
)

((xy/key/label "point-9")
0.0015	133.114
)
