(title "Static Pressure")
(labels "Position" "Static Pressure")

((xy/key/label "line-6")
0	272.361
4.28571e-05	272.361
8.57143e-05	272.361
0.000128571	272.361
0.000171429	272.361
0.000214286	272.361
0.000257143	272.361
0.0003	272.361
0.000342857	272.361
0.000385714	272.361
0.000428571	272.361
0.000471429	272.361
0.000514286	272.361
0.000557143	272.361
0.0006	272.361
0.000642857	272.361
0.000685714	272.361
0.000728571	272.361
0.000771429	272.361
0.000814286	272.361
0.000857143	272.361
0.0009	272.361
0.000942857	272.361
0.000985714	272.361
0.00102857	272.361
0.00107143	272.361
0.00111429	272.361
0.00115714	272.361
0.0012	272.361
0.00124286	272.361
0.00128571	272.361
0.00132857	272.361
0.00137143	272.361
0.00141429	272.361
0.00145714	272.361
0.0015	272.361
0.00154286	272.361
0.00158571	272.361
0.00162857	272.361
0.00167143	272.361
0.00171429	272.361
0.00175714	272.361
0.0018	272.361
0.00184286	272.361
0.00188571	272.361
0.00192857	272.361
0.00197143	272.361
0.00201429	272.361
0.00205714	272.361
0.0021	272.361
0.00214286	272.361
0.00218571	272.361
0.00222857	272.361
0.00227143	272.361
0.00231429	272.361
0.00235714	272.361
0.0024	272.361
0.00244286	272.361
0.00248571	272.361
0.00252857	272.361
0.00257143	272.361
0.00261429	272.361
0.00265714	272.361
0.0027	272.361
0.00274286	272.361
0.00278571	272.361
0.00282857	272.361
0.00287143	272.361
0.00291429	272.361
0.00295714	272.361
0.003	272.361
)
