(title "Static Temperature")
(labels "Position" "Static Temperature")

((xy/key/label "wall-temperature-line-final")
0	300.48
4.28571e-05	300.262
8.57143e-05	300.181
0.000128571	300.16
0.000171429	300.148
0.000214286	300.14
0.000257143	300.134
0.0003	300.129
0.000342857	300.125
0.000385714	300.122
0.000428571	300.118
0.000471429	300.116
0.000514286	300.113
0.000557143	300.111
0.0006	300.109
0.000642857	300.107
0.000685714	300.106
0.000728571	300.104
0.000771429	300.103
0.000814286	300.102
0.000857143	300.101
0.0009	300.1
0.000942857	300.099
0.000985714	300.098
0.00102857	300.097
0.00107143	300.096
0.00111429	300.096
0.00115714	300.095
0.0012	300.095
0.00124286	300.094
0.00128571	300.094
0.00132857	300.094
0.00137143	300.094
0.00141429	300.093
0.00145714	300.093
0.0015	300.093
0.00154286	300.093
0.00158571	300.093
0.00162857	300.094
0.00167143	300.094
0.00171429	300.094
0.00175714	300.094
0.0018	300.095
0.00184286	300.095
0.00188571	300.096
0.00192857	300.096
0.00197143	300.097
0.00201429	300.098
0.00205714	300.099
0.0021	300.1
0.00214286	300.101
0.00218571	300.102
0.00222857	300.103
0.00227143	300.104
0.00231429	300.106
0.00235714	300.107
0.0024	300.109
0.00244286	300.111
0.00248571	300.113
0.00252857	300.116
0.00257143	300.118
0.00261429	300.122
0.00265714	300.125
0.0027	300.129
0.00274286	300.134
0.00278571	300.14
0.00282857	300.148
0.00287143	300.16
0.00291429	300.181
0.00295714	300.262
0.003	300.48
)
