(title "Static Pressure")
(labels "Position" "Static Pressure")

((xy/key/label "new-point-.275m")
0	660.227
4.28571e-05	660.227
8.57143e-05	660.227
0.000128571	660.227
0.000171429	660.227
0.000214286	660.227
0.000257143	660.227
0.0003	660.227
0.000342857	660.227
0.000385714	660.227
0.000428571	660.227
0.000471429	660.227
0.000514286	660.227
0.000557143	660.227
0.0006	660.227
0.000642857	660.227
0.000685714	660.227
0.000728571	660.227
0.000771429	660.227
0.000814286	660.227
0.000857143	660.227
0.0009	660.227
0.000942857	660.227
0.000985714	660.227
0.00102857	660.227
0.00107143	660.227
0.00111429	660.227
0.00115714	660.227
0.0012	660.227
0.00124286	660.227
0.00128571	660.227
0.00132857	660.227
0.00137143	660.227
0.00141429	660.227
0.00145714	660.227
0.0015	660.227
0.00154286	660.227
0.00158571	660.227
0.00162857	660.227
0.00167143	660.227
0.00171429	660.227
0.00175714	660.227
0.0018	660.227
0.00184286	660.227
0.00188571	660.227
0.00192857	660.227
0.00197143	660.227
0.00201429	660.227
0.00205714	660.227
0.0021	660.227
0.00214286	660.227
0.00218571	660.227
0.00222857	660.227
0.00227143	660.227
0.00231429	660.227
0.00235714	660.227
0.0024	660.227
0.00244286	660.227
0.00248571	660.227
0.00252857	660.227
0.00257143	660.227
0.00261429	660.227
0.00265714	660.227
0.0027	660.227
0.00274286	660.227
0.00278571	660.227
0.00282857	660.227
0.00287143	660.227
0.00291429	660.227
0.00295714	660.227
0.003	660.227
)
