(title "Static Temperature")
(labels "Position" "Static Temperature")

((xy/key/label "wall-temperature-line-final")
0.275	300.307
0.275	300.134
0.275	300.104
0.275	300.094
0.275	300.088
0.275	300.083
0.275	300.08
0.275	300.077
0.275	300.075
0.275	300.073
0.275	300.071
0.275	300.069
0.275	300.068
0.275	300.067
0.275	300.065
0.275	300.064
0.275	300.063
0.275	300.063
0.275	300.062
0.275	300.061
0.275	300.06
0.275	300.06
0.275	300.059
0.275	300.059
0.275	300.058
0.275	300.058
0.275	300.057
0.275	300.057
0.275	300.057
0.275	300.057
0.275	300.056
0.275	300.056
0.275	300.056
0.275	300.056
0.275	300.056
0.275	300.056
0.275	300.056
0.275	300.056
0.275	300.056
0.275	300.056
0.275	300.056
0.275	300.057
0.275	300.057
0.275	300.057
0.275	300.057
0.275	300.058
0.275	300.058
0.275	300.059
0.275	300.059
0.275	300.06
0.275	300.06
0.275	300.061
0.275	300.062
0.275	300.063
0.275	300.063
0.275	300.064
0.275	300.065
0.275	300.067
0.275	300.068
0.275	300.069
0.275	300.071
0.275	300.073
0.275	300.075
0.275	300.077
0.275	300.08
0.275	300.083
0.275	300.088
0.275	300.094
0.275	300.104
0.275	300.134
0.275	300.307
)
